25470
15841
16405
9931
22522
37537
29131
11985
31124
48413
39812
79052
19003
6521
33534
11268
23502
36624
33303
54687
34807
53587
13368
24016
15308
9383
11098
14655
13596
26760
10288
10843
16383
12564
84242
2014
56835
29100
38262
87770
28573
5123
14764
5494
13799
4210
3727
93190
387411
157409
5347
84437
32885
2431
51966
29661
313578
26816
20111
87863
50959
97001
33177
50642
54890
6090
21876
8410
19669
20382
8903
37607
39098
14244
17874
13966
38418
43032
18504
51010
9990
23508
19341
23473
9737
14383
31290
11216
60493
11254
125602
18365
11904
27652
19782
16048
9902
10681
2912
13633
11183
10766
7751
11744
26638
11708
11032
14111
13720
12847
29140
17262
38953
70436
70011
96441
22181
35643
61244
81136
22939
81823
51423
87468
11939
14709
11919
2426
17220
17498
46413
41254
134162
24658
35289
34411
13848
123833
7970
133331
91188
36675
87667
26410
48212
24566
9872
16551
67733
32722
62465
106597
48180
8176
396407
26220
86749
54011
68318
42230
3383
31303
124016
15864
240912
11144
131578
24400
21769
1722
37324
32390
45818
67296
1801
43343
11856
19515
2432
40147
90249
258538
1820
4416
