12695

0
0
0
0
0
0
0
0
0
0
0
0
0
700
0
0
125
2500
2125
17560
16000
2000
0
0
0
0
0
0
0
0
0
0
0
0
0
0
0
77178
38037
0
0
0
0
0
0
0
0
0
0
0
0
0
0
35918
38028
0
65563
0
130577
89841
0
0
56296
0
0
0
0
0
0
0
0
0
0
0
0
0
0
634
269
5554
531
0
0
0
0
0
15160
3514
22568
109061
0
0
0
0
0
0
0
0
0
0
0
0
7316
0
0
0
12750
0
0
0
0
6951
7678
6067
40249
44660
0
0
0
0
0
0
0
0
0
0
0
0
0
0
0
0
0
0
0
0
42750
0
0
0
0
0
0
0
0
0
0
0
0
0
0
0
0
0
0
0
0
0
0
0
213785
1250
54180
10274
67085
17086
0
6676
0
0
0
0
0
0
0
0
0
0
63151
0
0
26718
0
9013
9612
0
0
0
0
2865
2000
0
0
0
0
0
0
0
10190
0
0
14659
0
241422
0
0
0
0
